3308688
epoch= 0 	 time= 0.3165111978848775 min 	 loss= 1.2123697970401157
epoch= 1 	 time= 0.6365232547124227 min 	 loss= 0.7323003271763975
epoch= 2 	 time= 0.952545702457428 min 	 loss= 0.7171739097345959
epoch= 3 	 time= 1.2722924590110778 min 	 loss= 0.688695230199532
